74 0.31484375 0.5316901408450704 0.209375 0.9272300469483568
74 0.14453125 0.5551643192488263 0.2890625 0.8896713615023474
74 0.1984375 0.3485915492957746 0.2546875 0.6244131455399061
74 0.20078125 0.2875586854460094 0.0546875 0.20657276995305165
74 0.7328125 0.5199530516431925 0.275 0.9295774647887324
106 0.58828125 0.596244131455399 0.0375 0.14084507042253522
106 0.2671875 0.4823943661971831 0.078125 0.2323943661971831
106 0.3875 0.42018779342723006 0.0390625 0.13849765258215962
74 0.09375 0.7723004694835681 0.1875 0.43427230046948356
106 0.053125 0.5492957746478874 0.10625 0.2981220657276995
74 0.57890625 0.3779342723004695 0.078125 0.4131455399061033
39 0.6921875 0.573943661971831 0.0203125 0.03051643192488263
103 0.5 0.23591549295774647 0.1375 0.176056338028169