100 0.1578125 0.44479166666666664 0.0375 0.06875
100 0.0984375 0.4395833333333333 0.0390625 0.05
15 0.31484375 0.8125 0.078125 0.11458333333333333
102 0.54921875 0.7072916666666667 0.3203125 0.25625
102 0.896875 0.7010416666666667 0.2046875 0.13333333333333333
74 0.27421875 0.8604166666666667 0.1125 0.2791666666666667
74 0.3921875 0.7635416666666667 0.04375 0.16666666666666666
74 0.3484375 0.7552083333333334 0.034375 0.125
74 0.42578125 0.7645833333333333 0.025 0.15208333333333332
74 0.47578125 0.7822916666666667 0.0515625 0.16041666666666668
74 0.90390625 0.7270833333333333 0.0234375 0.0875
74 0.20390625 0.7166666666666667 0.015625 0.07708333333333334
74 0.5109375 0.7739583333333333 0.03125 0.15625
74 0.1375 0.7302083333333333 0.03125 0.1
74 0.228125 0.71875 0.025 0.07916666666666666
74 0.3640625 0.7541666666666667 0.0234375 0.14583333333333334
100 0.3640625 0.6291666666666667 0.0171875 0.022916666666666665
100 0.04765625 0.6385416666666667 0.009375 0.014583333333333334
100 0.05 0.5885416666666666 0.009375 0.025
15 0.334375 0.7302083333333333 0.0171875 0.041666666666666664
54 0.4890625 0.7645833333333333 0.0203125 0.029166666666666667
74 0.3140625 0.7302083333333333 0.0328125 0.08333333333333333
102 0.90625 0.8375 0.1875 0.325
102 0.196875 0.6895833333333333 0.2203125 0.125
102 0.759375 0.6822916666666666 0.0390625 0.029166666666666667
100 0.15234375 0.38645833333333335 0.0234375 0.03125
54 0.15 0.7302083333333333 0.009375 0.025
74 0.85 0.7270833333333333 0.021875 0.08333333333333333
100 0.47734375 0.5583333333333333 0.0109375 0.029166666666666667
100 0.4671875 0.5572916666666666 0.009375 0.025
100 0.090625 0.628125 0.0078125 0.008333333333333333
54 0.33515625 0.7416666666666667 0.0171875 0.06041666666666667
54 0.74296875 0.7145833333333333 0.009375 0.010416666666666666