26 0.10625 0.9328125 0.0625 0.134375
89 0.825 0.6234375 0.34791666666666665 0.4625
89 0.15 0.63828125 0.29791666666666666 0.40625
74 0.48541666666666666 0.49921875 0.4166666666666667 0.978125
74 0.21770833333333334 0.68359375 0.42916666666666664 0.54375
74 0.728125 0.61171875 0.22291666666666668 0.4015625
43 0.26875 0.96484375 0.10625 0.0703125
43 0.04479166666666667 0.965625 0.08958333333333333 0.06875
80 0.28958333333333336 0.5203125 0.09166666666666666 0.034375
54 0.784375 0.79140625 0.13541666666666666 0.1140625
74 0.046875 0.74140625 0.09375 0.3171875
74 0.9125 0.7078125 0.175 0.359375
48 0.30416666666666664 0.26796875 0.22916666666666666 0.3140625
48 0.33229166666666665 0.60390625 0.10416666666666667 0.1125