37 0.4098557692307692 0.6453125 0.37740384615384615 0.0984375
37 0.11298076923076923 0.95078125 0.17307692307692307 0.096875
74 0.19230769230769232 0.4046875 0.36538461538461536 0.7109375
43 0.23076923076923078 0.7640625 0.125 0.0953125
43 0.8605769230769231 0.2640625 0.052884615384615384 0.0296875
62 0.6670673076923077 0.6359375 0.11298076923076923 0.1359375
31 0.6550480769230769 0.7796875 0.625 0.234375
74 0.9098557692307693 0.41328125 0.18028846153846154 0.5125
11 0.5228365384615384 0.80703125 0.9543269230769231 0.3859375
74 0.5913461538461539 0.371875 0.47115384615384615 0.6046875
43 0.7103365384615384 0.16953125 0.0625 0.0421875
43 0.8605769230769231 0.1234375 0.055288461538461536 0.034375
43 0.8545673076923077 0.17265625 0.057692307692307696 0.0390625
43 0.9338942307692307 0.16953125 0.04326923076923077 0.0359375
43 0.4951923076923077 0.2359375 0.04807692307692308 0.034375
43 0.4519230769230769 0.23359375 0.057692307692307696 0.0390625
43 0.44350961538461536 0.18671875 0.04807692307692308 0.040625
43 0.3605769230769231 0.23359375 0.04567307692307692 0.034375