74 0.5846153846153846 0.7421875 0.2826923076923077 0.4359375
74 0.9144230769230769 0.39140625 0.17115384615384616 0.146875
96 0.6721153846153847 0.7078125 0.20192307692307693 0.0640625
37 0.1625 0.38359375 0.08269230769230769 0.034375
37 0.2528846153846154 0.38203125 0.08846153846153847 0.0390625
37 0.4355769230769231 0.38046875 0.09038461538461538 0.040625
37 0.5259615384615385 0.503125 0.10961538461538461 0.04375
37 0.3096153846153846 0.42734375 0.09615384615384616 0.046875
37 0.21923076923076923 0.42109375 0.09615384615384616 0.040625
37 0.12115384615384615 0.42578125 0.09038461538461538 0.0375
37 0.07211538461538461 0.3859375 0.09230769230769231 0.034375
37 0.8519230769230769 0.51171875 0.11923076923076924 0.0734375
37 0.6759615384615385 0.453125 0.1 0.034375
37 0.6326923076923077 0.5015625 0.09807692307692308 0.0421875
37 0.5125 0.41796875 0.12692307692307692 0.1203125
37 0.3403846153846154 0.39609375 0.09423076923076923 0.065625