22 0.20078125 0.625 0.040625 0.14018691588785046
22 0.896875 0.6448598130841121 0.0265625 0.0514018691588785
30 0.5484375 0.5011682242990654 0.6515625 0.5350467289719626
74 0.9125 0.5607476635514018 0.0171875 0.030373831775700934
74 0.896875 0.602803738317757 0.0265625 0.0794392523364486
74 0.93984375 0.5595794392523364 0.015625 0.030373831775700934
74 0.8734375 0.5677570093457944 0.0109375 0.053738317757009345
74 0.728125 0.5584112149532711 0.0078125 0.06074766355140187
74 0.953125 0.5584112149532711 0.0109375 0.03271028037383177
74 0.06484375 0.5116822429906542 0.0453125 0.053738317757009345
74 0.021875 0.5175233644859814 0.03125 0.053738317757009345
74 0.0046875 0.5385514018691588 0.009375 0.04439252336448598