74 0.45208333333333334 0.596875 0.5875 0.80625
80 0.74375 0.58828125 0.09166666666666666 0.0296875
25 0.5510416666666667 0.6828125 0.020833333333333332 0.109375
25 0.15416666666666667 0.27890625 0.014583333333333334 0.025
25 0.07604166666666666 0.27890625 0.01875 0.0453125
25 0.06458333333333334 0.2796875 0.016666666666666666 0.0453125
25 0.10729166666666666 0.28046875 0.058333333333333334 0.046875
25 0.125 0.190625 0.19583333333333333 0.071875
25 0.18645833333333334 0.121875 0.029166666666666667 0.0453125
89 0.09479166666666666 0.8796875 0.18333333333333332 0.209375
48 0.9260416666666667 0.4984375 0.12083333333333333 0.1328125
48 0.8447916666666667 0.42265625 0.13125 0.1546875
48 0.9447916666666667 0.35859375 0.11041666666666666 0.1625