37 0.29375 0.3614583333333333 0.1546875 0.16666666666666666
37 0.446875 0.41041666666666665 0.13125 0.24791666666666667
49 0.609375 0.8833333333333333 0.296875 0.23333333333333334
62 0.44140625 0.875 0.0265625 0.25
75 0.47734375 0.9020833333333333 0.528125 0.17083333333333334
11 0.2984375 0.23541666666666666 0.225 0.15833333333333333
74 0.6625 0.4947916666666667 0.675 0.9895833333333334
74 0.19765625 0.5604166666666667 0.3921875 0.5875
74 0.48828125 0.14479166666666668 0.2 0.28541666666666665
74 0.3609375 0.09791666666666667 0.10625 0.19583333333333333
74 0.28359375 0.09375 0.1265625 0.17916666666666667
74 0.1015625 0.18125 0.203125 0.3625
74 0.22890625 0.058333333333333334 0.0484375 0.11666666666666667
74 0.6625 0.090625 0.0546875 0.175
43 0.30234375 0.184375 0.0296875 0.0375
37 0.03515625 0.45625 0.0703125 0.35208333333333336
37 0.6640625 0.17708333333333334 0.0359375 0.027083333333333334
11 0.95703125 0.246875 0.0859375 0.075
74 0.421875 0.03125 0.021875 0.06041666666666667
74 0.58671875 0.096875 0.125 0.19375
11 0.50234375 0.8927083333333333 0.9953125 0.21458333333333332
43 0.26953125 0.18645833333333334 0.0296875 0.04791666666666667
43 0.34375 0.184375 0.03125 0.03333333333333333
43 0.36953125 0.18229166666666666 0.0265625 0.04791666666666667