74 0.328125 0.5819672131147541 0.5703125 0.8360655737704918
91 0.6609375 0.8466042154566745 0.0234375 0.05620608899297424
66 0.89609375 0.860655737704918 0.2046875 0.25526932084309134
49 0.95703125 0.6370023419203747 0.0125 0.09601873536299765
62 0.71015625 0.8114754098360656 0.0265625 0.08196721311475409
62 0.72265625 0.8044496487119438 0.025 0.1053864168618267
91 0.6453125 0.7868852459016393 0.0359375 0.0585480093676815
91 0.62734375 0.8477751756440282 0.05625 0.0936768149882904
91 0.63984375 0.3957845433255269 0.021875 0.2693208430913349
91 0.66796875 0.38875878220140514 0.0203125 0.24121779859484777
91 0.528125 0.6791569086651054 0.028125 0.15690866510538642
62 0.73359375 0.8243559718969555 0.025 0.07728337236533958
62 0.73984375 0.7997658079625293 0.021875 0.07494145199063232
62 0.7453125 0.8243559718969555 0.0234375 0.07728337236533958
39 0.0421875 0.06323185011709602 0.084375 0.12646370023419204
91 0.65625 0.8852459016393442 0.05 0.04918032786885246
91 0.6265625 0.7388758782201406 0.0265625 0.07494145199063232
91 0.61875 0.9332552693208431 0.0234375 0.053864168618266976
91 0.64375 0.8618266978922716 0.034375 0.0585480093676815
91 0.97734375 0.1451990632318501 0.0078125 0.053864168618266976