34 0.75234375 0.5258215962441315 0.04375 0.03286384976525822
34 0.8359375 0.5387323943661971 0.0375 0.028169014084507043
34 0.70078125 0.5211267605633803 0.0359375 0.02112676056338028
34 0.9375 0.5598591549295775 0.0421875 0.03286384976525822
101 0.45234375 0.5762910798122066 0.7546875 0.28169014084507044
34 0.7953125 0.5387323943661971 0.0375 0.025821596244131457
34 0.953125 0.5152582159624414 0.0265625 0.011737089201877934
102 0.53984375 0.4636150234741784 0.0375 0.023474178403755867
102 0.58515625 0.47183098591549294 0.0375 0.01643192488262911
34 0.9828125 0.5727699530516432 0.034375 0.03051643192488263
34 0.7671875 0.5316901408450704 0.0375 0.03051643192488263
34 0.61796875 0.4765258215962441 0.025 0.009389671361502348
34 0.58828125 0.47183098591549294 0.03125 0.018779342723004695
34 0.56015625 0.47183098591549294 0.0296875 0.011737089201877934
34 0.79609375 0.5223004694835681 0.0296875 0.014084507042253521
34 0.734375 0.5234741784037559 0.0296875 0.028169014084507043