91 0.5546875 0.46875 0.3296875 0.10208333333333333
35 0.71796875 0.8020833333333334 0.0359375 0.08958333333333333
35 0.63046875 0.8364583333333333 0.0390625 0.1125
35 0.69609375 0.809375 0.0109375 0.05416666666666667
35 0.68828125 0.875 0.0875 0.06458333333333334
91 0.89140625 0.6489583333333333 0.115625 0.25416666666666665
91 0.8859375 0.490625 0.153125 0.08958333333333333
91 0.415625 0.134375 0.1109375 0.08958333333333333
91 0.909375 0.6083333333333333 0.1125 0.16875
91 0.82109375 0.90625 0.190625 0.18333333333333332
27 0.53125 0.18645833333333334 0.2015625 0.13125
27 0.77578125 0.6104166666666667 0.2265625 0.2375
27 0.9015625 0.8052083333333333 0.196875 0.29791666666666666
27 0.49921875 0.5020833333333333 0.2640625 0.17916666666666667
27 0.69296875 0.8479166666666667 0.2515625 0.28958333333333336
27 0.62265625 0.4 0.2078125 0.14375
27 0.65234375 0.30833333333333335 0.2359375 0.13541666666666666
27 0.365625 0.18645833333333334 0.1375 0.06875
27 0.6375 0.16354166666666667 0.1453125 0.13125
29 0.32578125 0.5625 0.028125 0.06666666666666667
29 0.46796875 0.85 0.059375 0.06041666666666667
29 0.2828125 0.5927083333333333 0.034375 0.06041666666666667
35 0.74375 0.8697916666666666 0.040625 0.06666666666666667
35 0.659375 0.903125 0.021875 0.06666666666666667
11 0.5 0.54375 1 0.9125
49 0.3953125 0.9177083333333333 0.1328125 0.1375
91 0.74921875 0.2833333333333333 0.06875 0.06041666666666667
27 0.25546875 0.22604166666666667 0.15 0.08125
27 0.14453125 0.2916666666666667 0.1828125 0.125
27 0.05546875 0.3802083333333333 0.1109375 0.15416666666666667
29 0.21171875 0.7364583333333333 0.0625 0.052083333333333336
35 0.62109375 0.8927083333333333 0.05625 0.0625
35 0.91171875 0.8010416666666667 0.01875 0.03125
35 0.60703125 0.8385416666666666 0.0484375 0.05625
35 0.29609375 0.7927083333333333 0.065625 0.0875
35 0.675 0.8020833333333334 0.034375 0.04583333333333333
35 0.69453125 0.9416666666666667 0.0328125 0.022916666666666665
91 0.83828125 0.28020833333333334 0.03125 0.01875
29 0.41015625 0.7 0.0375 0.04375
29 0.46484375 0.6395833333333333 0.028125 0.06875
29 0.2484375 0.5614583333333333 0.025 0.029166666666666667
27 0.13515625 0.4895833333333333 0.2703125 0.19166666666666668