10 0.4640666666666667 0.44354999999999994 0.28020833333333334 0.42773749999999994
39 0.16541666666666666 0.0325 0.1775 0.065
90 0.278125 0.6505875 0.08125 0.16367500000000007
90 0.640625 0.5482374999999999 0.07083333333333333 0.10898749999999993
6 0.46875 0.7427750000000001 0.04791666666666667 0.12930000000000008
25 0.4510416666666667 0.730275 0.15416666666666667 0.13242500000000007
4 0.588025 0.81855 0.16770833333333332 0.12148750000000007
68 0.719275 0.759175 0.05520833333333333 0.04336250000000007
48 0.715625 0.5123 0.08541666666666667 0.14648749999999994
37 0.8725 0.794375 0.24166666666666667 0.41125
63 0.7183333333333334 0.093125 0.085 0.18625