63 0.15759285714285715 0.23774111675126905 0.3151785714285714 0.3327284263959391
64 0.3709857142857143 0.7168020304568529 0.25625 0.24706852791878178
48 0.18348571428571428 0.720774111675127 0.07410714285714286 0.2772081218274112
48 0.044642857142857144 0.4200507614213198 0.08642857142857142 0.8401015228426396
37 0.7660714285714286 0.8489847715736041 0.31607142857142856 0.3020304568527919
25 0.8718785714285715 0.28374365482233505 0.12946428571428573 0.18678934010152284
25 0.8875 0.5748350253807107 0.08928571428571429 0.2296192893401016
48 0.7205357142857143 0.03887055837563451 0.075 0.07772842639593909
11 0.37607142857142856 0.8591370558375635 0.7521428571428571 0.2817258883248731
48 0.42589285714285713 0.40430203045685276 0.12321428571428572 0.14237309644670043
48 0.5156285714285714 0.30040609137055835 0.10803571428571429 0.3501776649746193