64 0.5026133333333334 0.6733 0.2909066666666666 0.42234999999999995
48 0.8983733333333332 0.4968 0.20322666666666675 0.5117499999999999
48 0.057786666666666674 0.65455 0.10909333333333332 0.6909000000000001
11 0.5093333333333333 0.855 0.9813333333333333 0.2
37 0.5624266666666666 0.9621 0.31354666666666664 0.07574999999999989
72 0.7765599999999999 0.83845 0.07920000000000012 0.06474999999999995
26 0.7131200000000001 0.76115 0.06061333333333338 0.19810000000000003
48 0.7583733333333333 0.09149999999999998 0.07029333333333337 0.18295000000000003
48 0.66384 0.12710000000000002 0.06869333333333331 0.1481
48 0.5765600000000001 0.11495 0.0654666666666667 0.14809999999999998
48 0.7507199999999999 0.43770000000000003 0.06464000000000003 0.13599999999999995
48 0.31554666666666664 0.12935000000000002 0.0444533333333333 0.12235000000000001
48 0.26061333333333336 0.13390000000000002 0.036373333333333376 0.09204999999999998
48 0.21978666666666666 0.14225000000000002 0.03394666666666664 0.08750000000000002
48 0.8327199999999999 0.10890000000000001 0.054133333333333214 0.15719999999999998