10 0.59296875 0.30816111111111116 0.26875 0.4135444444444445
105 0.562890625 0.08038333333333333 0.09921875 0.07465555555555556
55 0.74296875 0.5067722222222223 0.09375 0.2802111111111112
26 0.426171875 0.39913333333333334 0.04296875 0.25104444444444446
5 0.203125 0.4651055555555556 0.09375 0.3357666666666667
4 0.425390625 0.7317722222222223 0.17265625 0.09410000000000006
68 0.503515625 0.7914944444444445 0.07421875 0.061461111111111175
25 0.528125 0.6512166666666667 0.1125 0.09687777777777784
90 0.8578125 0.9069444444444444 0.103125 0.18611111111111112
48 0.93046875 0.6178833333333333 0.1390625 0.7552111111111112
37 0.21484375 0.7208333333333333 0.4046875 0.5583333333333333
11 0.565234375 0.7666666666666667 0.76640625 0.4666666666666667