10 0.498328125 0.3740729166666667 0.29575781249999994 0.32849999999999996
90 0.2823671875 0.5124583333333333 0.14508593750000004 0.2094479166666667
90 0.7003359375 0.4164791666666667 0.09039843750000003 0.1811770833333333
26 0.44475781249999996 0.6151458333333333 0.04799218750000005 0.12611458333333328
26 0.3582578125 0.6091875000000001 0.04464062499999999 0.10528124999999994
26 0.48102343750000004 0.5392499999999999 0.035710937500000026 0.15290624999999997
43 0.17578125 0.64490625 0.059148437500000005 0.09040624999999997
25 0.082421875 0.5473958333333333 0.16484375 0.19895833333333332
15 0.070703125 0.8302083333333333 0.14140625 0.2833333333333333
4 0.5731015625 0.6263020833333334 0.16182812500000007 0.1015625
68 0.6824765625 0.58240625 0.07924218750000005 0.04353124999999996
64 0.716515625 0.5280833333333333 0.17410937499999993 0.030135416666666616
55 0.8610468750000001 0.53478125 0.1015625 0.05542708333333337
6 0.8359375 0.4678229166666667 0.08482031250000004 0.12016666666666669
63 0.8722109375 0.41053125 0.1930781249999999 0.10379166666666666
37 0.8113828125 0.7237708333333334 0.375 0.5308750000000001
11 0.21819531250000002 0.8048749999999999 0.416296875 0.3188229166666666