10 0.3375 0.4563008849557522 0.23666999999999996 0.2488849557522124
10 0.66708 0.46810619469026554 0.24417000000000008 0.2606902654867256
64 0.49833 0.6303539823008849 0.14666999999999997 0.20465486725663715
43 0.6420800000000001 0.7770973451327434 0.05917000000000007 0.10877876106194696
90 0.64625 0.6996637168141593 0.03917000000000007 0.08961061946902654
55 0.5033299999999999 0.7793097345132743 0.08333000000000004 0.051256637168141654
90 0.39292 0.7232743362831858 0.03583000000000004 0.1367964601769911
52 0.33792 0.6517345132743363 0.04083000000000004 0.10288495575221238
48 0.2125 0.6414159292035397 0.055 0.09107964601769918
25 0.31583 0.8405309734513274 0.08666999999999996 0.06746902654867258
72 0.31875 0.8294690265486725 0.0375 0.03355752212389387
4 0.5025 0.8523185840707964 0.18667 0.0645309734513275
68 0.6733300000000001 0.8729734513274336 0.03167000000000007 0.04978761061946902
36 0.7825 0.7173628318584071 0.15832999999999992 0.133858407079646
11 0.504 0.8716814159292036 0.992 0.24955752212389382