10 0.45229687500000004 0.38358333333333333 0.38321875 0.43383333333333335
64 0.1698125 0.5919166666666666 0.30839062500000003 0.5376388888888889
63 0.20024999999999998 0.20230555555555554 0.12417187499999997 0.22625000000000003
5 0.33182812500000003 0.6803611111111111 0.078125 0.31397222222222215
65 0.404609375 0.7154722222222222 0.0625 0.17652777777777773
48 0.47245312500000003 0.7395833333333334 0.05675000000000008 0.11366666666666664
48 0.5263125 0.7286111111111111 0.05098437499999999 0.12683333333333324
33 0.6044375 0.7461666666666666 0.07895312499999996 0.10927777777777786
55 0.7347812499999999 0.65625 0.11101562499999992 0.2774166666666667
4 0.45846875000000004 0.8484999999999999 0.24425000000000002 0.11513888888888901
68 0.625828125 0.8265833333333333 0.0625 0.07711111111111109
37 0.78046875 0.5606666666666666 0.4359375 0.8786666666666666