10 0.49090379008746354 0.3899222797927461 0.3438483965014577 0.36536269430051804
105 0.4917638483965015 0.18191709844559587 0.03516034985422741 0.059041450777202055
90 0.2756851311953353 0.5110880829015544 0.06774052478134114 0.18095854922279783
64 0.14362973760932946 0.5865284974093264 0.12090379008746355 0.32269430051813475
64 0.1294752186588921 0.815880829015544 0.060029154518950446 0.06818652849740946
90 0.7018513119533528 0.5110880829015544 0.07116618075801756 0.1962176165803109
25 0.8892128279883382 0.815880829015544 0.10975218658892123 0.12611398963730558
68 0.6165306122448979 0.7953108808290156 0.06517492711370268 0.09715025906735751
4 0.4793294460641399 0.8379792746113989 0.17835276967930033 0.09715025906735751
72 0.8176093294460641 0.8265284974093264 0.028294460641399535 0.11391191709844567
6 0.7391545189504373 0.6672797927461139 0.04973760932944607 0.04839378238341963
48 0.9694752186588921 0.6802331606217616 0.061049562682215903 0.3912694300518134
11 0.5029154518950437 0.8186528497409327 0.9941690962099126 0.3626943005181347