10 0.5088888888888888 0.17684444444444444 0.4014666666666666 0.2618666666666667
48 0.14222222222222222 0.13982222222222224 0.13924444444444445 0.17297777777777779
43 0.2614666666666667 0.6361333333333333 0.10222222222222223 0.11964444444444451
4 0.5111111111111111 0.6487111111111111 0.31702222222222215 0.13297777777777786
6 0.11702222222222221 0.643511111111111 0.09186666666666668 0.11964444444444451
25 0.8785333333333333 0.3220444444444444 0.11853333333333341 0.1314666666666667
25 0.7629777777777778 0.28946666666666665 0.08888888888888889 0.13444444444444445
2 0.8859111111111112 0.8590666666666666 0.17777777777777778 0.15075555555555561
43 0.8866666666666667 0.6168444444444444 0.10520000000000007 0.08702222222222215
68 0.743688888888889 0.6383555555555556 0.09479999999999993 0.14186666666666672
28 0.18444444444444444 0.48573333333333335 0.17924444444444443 0.08853333333333328
2 0.2540888888888889 0.25391111111111114 0.09924444444444447 0.07813333333333333
6 0.2852 0.35537777777777774 0.07555555555555556 0.08555555555555555
11 0.5029777777777777 0.3605777777777778 0.9614666666666667 0.4011111111111111
15 0.27257777777777775 0.8494666666666666 0.2163111111111111 0.23813333333333325