10 0.4704869791666667 0.55517578125 0.30034635416666666 0.26139453125
6 0.2756067708333333 0.80322265625 0.059895833333333336 0.15071484374999997
48 0.05512239583333333 0.75309375 0.11024218749999999 0.33170703125
48 0.3810755208333333 0.809734375 0.04340364583333335 0.0751953125
48 0.4739583333333333 0.7830390625 0.03472135416666665 0.0791015625
48 0.5355911458333333 0.77001953125 0.029513020833333313 0.06868359374999997
64 0.7434895833333334 0.7029609375 0.19184114583333337 0.22102734374999997
48 0.8151041666666666 0.696453125 0.029513020833333313 0.12467578125000003
55 0.8532994791666667 0.70166015625 0.04861197916666669 0.13248828125000003
41 0.6089401041666667 0.05517578125 0.06336718749999998 0.08951953124999998
48 0.5037760416666667 0.0583984375 0.08411458333333334 0.116796875
26 0.6783854166666666 0.08317187499999999 0.07725781250000002 0.16373828125
4 0.5807291666666666 0.880046875 0.20659635416666663 0.08821484374999997
68 0.6996536458333333 0.83642578125 0.07117968749999998 0.05826953125000003
43 0.9366328125 0.786296875 0.038195312500000016 0.05436328125000003
11 0.4817708333333333 0.8677734375 0.9635416666666666 0.264453125